
4454
783
2476
7432
320
3862
2052
3021
1696
5246
3844
7336
6279
4259
6026
4893
7117
3546
8126
2639
1814
7968
8290
9917
2737
9984
5371
31
1919
5712
4728
8760
1655
8266
4084
9045
2185
2511
1833
6551
4178
6460
9851
4481
4431
6089
8334
5866
8736
9254
7803
6325
8129
7285
7593
6771
3362
5678
1020
9219
7318
4508
226
831
3337
4676
1838
1674
2475
7728
9400
6703
6904
1401
7054
9850
9800
4820
3643
144
3099
6408
5031
9264
9729
4826
5837
1034
7612
3203
1049
2566
9805
5947
7176
44
4739
7137
324
9925
9794
6983
712
6530
4430
7161
1785
6582
1137
4306
3637
3704
6228
40
2551
3819
4471
766
5372
1162
6476
6554
1915
6523
4889
6730
4046
4940
363
1623
25
6549
5433
1547
8821
9714
7357
7390
816
2504
9169
6804
935
3278
7203
2395
4599
7210
5047
8971
4402
4745
2057
5604
2221
2631
4874
5485
3519
6843
8966
7133
1093
4058
3837
3390
2003
4170
8729
1263
1757
6360
239
9555
5577
2307
4419
2931
3537
216
5370
5381
2829
6296
7724
3232
4760
4789
7696
7312
3403
5581
6022
2919
8174
7842
9329
5478
7222
5593
2513
5146
1802
8500
9412
9632
7217
7003
1182
5799
821
8484
5014
1341
2201
1787
8807
6465
43
3536
7804
9308
4720
789
2568
8437
163
6241
866
4324
6847
3499
1172
1084
4159
7374
2143
1686
5448
7826
2626
7103
4103
4456
6577
149
7638
4767
5887
1324
627
7740
1630
625
7528
1036
4835
5790
6853
2060
5575
1073
9488
2240
7132
192
6697
7979
4061
9185
2100
3
2922
8871
5667
3361
6049
3048
1981
1497
7034
5655
3179
8501
5501
9262
3950
9855
1917
3753
9973
2757
9847
3940
2246
4733
2414
1725
2767
7971
2017
7776
2780
9499
351
3811
3228
6560
7325
602
1914
1212
3240
8442
2885
293
7944
5159
3860
3239
6197
2554
7759
439
8265
1724
5007
9143
3234
60
9261
5190
5350
2016
6558
865
3599
3445
4593
4511
4518
5734
9398
4655
9212
4288
928
9686
2849
5248
3208
850
5208
3367
9570
3171
6951
2842
2706
7889
4847
2424
9857
2673
433
8157
5304
3477
4570
7238
2779
4895
7444
1340
8713
8230
8193
2750
4647
3056
8964
7251
4333
8701
5407
5465
8094
1279
9282
6249
36
6674
1933
8385
8573
8375
9889
7331
7002
8395
3662
7982
3019
991
8511
1998
1813
5877
8826
1248
7107
1786
3236
756
3244
2310
4039
4308
8013
5819
3065
3487
3314
7990
5195
7369
3545
277
9117
8894
5074
7185
4028
7671
1473
5903
7306
8999
1081
4657
9208
6458
9102
2976
6152
6134
4242
492
6124
6704
3640
1570
2089
5720
1684
8259
8107
704
4031
146
8569
9652
4365
9738
8674
7662
5072
2650
6987
1332
2507
7508
7507
6062
6230
4513
5045
922
5697
9793
3746
4550
4029
5281
2733
4349
496
9862
7303
7575
9051
2092
6136
4561
762
7491
2345
8997
9769
3528
3320
2189
2308
545
3560
8008
6377
4870
5027
6960
428
35
2331
3125
6146
2914
158
2388
209
6120
6287
6068
70
5383
2817
7482
430
3407
7914
4389
504
742
2708
1584
1136
2542
4163
9019
9999
839
3114
7663
5495
642
9870
717
6880
702
5647
1243
5450
2787
9668
9697
4279
1418
4124
4153
6405
6178
5597
542
3622
7009
8282
1367
6620
8340
6877
1604
7840
1112
8074
9887
7916
3523
5481
5532
896
632
8582
7555
6215
972
3798
7320
4567
5548
590
5241
6682
3294
5616
7274
2801
5965
3211
1888
8178
3680
9527
9511
8970
9462
4729
6338
2042
5365
8527
8358
4894
9603
848
1611
9074
8820
1211
3723
9110
5948
8205
6365
241
7613
8781
4200
2232
9031
5444
2466
9780
842
9029
7356
6752
5020
4473
3025
9410
1422
6
2071
1154
7481
6116
8881
3854
2169
1476
21
9283
9195
2090
7206
8151
1551
2745
5085
7986
2525
295
4872
8641
7214
5860
3566
4876
1050
230
7284
9472
9222
7731
9694
9731
5820
5355
8063
7871
3306
152
5557
4116
1879
495
1866
676
7464
2816
728
2494
6679
2794
1290
1517
4386
593
1134
2873
247
9396
8600
7788
5144
2646
2591
4941
9330
5700
7340
5715
8992
989
2287
8752
7552
5386
2622
9890
8597
4695
2895
5800
6926
90
8366
3330
5652
9832
2265
8222
8933
6389
4267
328
2988
7883
8125
6781
7375
8565
2317
9596
33
2730
2006
2363
6185
3102
3515
685
5739
1157
8581
7709
8341
9461
7478
5508
690
3108
4939
2118
8529
8177
4838
3098
7059
6002
9120
2483
474
1006
6588
7385
5267
7681
8201
8991
6650
8985
5185
809
837
7326
2009
721
9141
5050
3219
1390
9696
4713
6621
660
7635
3380
6475
3079
6516
553
8675
6461
9734
5034
6806
931
2461
8202
1559
6211
1287
8322
1283
3122
8210
8188
4168
182
7880
944
9565
6665
1359
2672
8596
8379
4560
8192
4261
9761
9509
6742
8856
4078
2114
7544
1031
2161
3934
7815
8615
1509
3217
6613
6383
3167
8127
3821
4289
6210
8616
2082
8989
8653
5648
4257
6033
1587
1032
5490
2025
3582
7323
4283
5567
4630
541
9978
6550
1478
7742
7413
4443
6345
3127
8777
2833
937
1336
7835
5418
4608
1640
5394
4731
1581
6980
6912
5633
7194
1557
8431
7707
8906
5384
701
2108
203
9126
2086
4669
3106
5210
7037
7716
8426
6844
5090
5164
8393
9841
5496
5933
3253
395
5828
6095
5148
7365
6795
4412
8010
8743
1997
3877
9586
308
2020
8308
4932
913
1871
9928
7611
6868
8899
4601
4398
3612
3569
5955
1125
4801
807
9094
9290
537
5487
6677
5173
7523
1272
6756
5946
8633
53
2054
8254
8893
9058
7514
2904
2130
687
1931
4280
8448
7006
9528
9192
4064
5442
971
7710
3881
8399
592
1017
7864
7169
8034
7568
9884
8494
2180
383
3774
8207
8497
902
4217
6261
2093
6264
1512
3887
6491
1518
3730
2907
3969
4824
8057
3781
7654
2935
3251
7962
5587
939
3411
8268
1779
88
3180
4012
8913
9115
9809
9583
237
8397
4985
2734
6149
4689
8164
4879
5994
5447
5069
517
9309
9989
5426
9347
1054
6543
750
8181
9866
7189
4081
5004
9919
5060
3319
7455
4660
2411
6915
6425
9754
1453
1316
6846
5360
8050
5443
2612
9971
6212
4880
7493
7082
8042
8703
8767
916
765
5999
6382
419
2192
4802
5258
4158
2712
5296
3142
7338
9716
1877
323
9617
8540
7068
5275
4223
4307
2985
9945
8361
8795
1284
4931
4027
9722
9635
4424
5387
5294
3621
6598
4353
9901
7614
5202
3933
29
7587
3037
334
5890
9385
910
803
9420
6444
7913
2459
3900
5691
772
7906
1220
7140
7727
9021
6968
3749
13
309
3759
3665
5807
225
3313
6312
249
6580
271
6333
7256
6745
6949
5722
8245
8355
2599
754
9790
1511
1817
6584
8567
7725
8150
5268
1639
8621
3475
6918
7449
4857
7397
1278
4843
6848
6071
1982
8376
9656
9081
1101
5926
154
6789
2835
820
3592
6090
1736
1783
5083
8571
7108
4215
341
9355
1413
6314
7148
103
9846
5883
6728
9123
1524
7585
54
1107
7473
3706
3375
4266
6989
1251
4864
2163
5765
2867
3772
3756
4814
4666
9464
7211
8072
8374
2844
6950
1139
5059
2605
7143
7529
8258
2376
2452
2536
2960
5233
7079
874
5345
2621
3287
1896
1740
6788
9370
6356
8280
4884
8138
6045
1840
8810
2241
6809
9985
5773
6416
1996
8866
6916
4219
986
8544
1770
6977
6265
4839
2347
9203
9735
5432
3869
8424
4066
5032
7149
9363
2537
5095
3581
6606
4950
3949
6303
1391
4546
9189
5073
3735
8227
8972
562
6092
1230
4531
5415
7899
1930
476
7026
7669
1571
4004
9819
1590
9880
7112
5351
3026
5318
1897
6243
6082
5582
1913
9036
7094
3238
2884
3041
4416
5921
1861
6350
7155
552
2371
8316
1885
4342
9810
4896
303
2872
4727
6258
2900
5791
800
920
621
7577
5683
7733
9465
6021
6545
6590
7686
8305
4823
2664
4737
7950
2439
312
7518
8542
1275
5868
7920
7771
9480
9974
5391
3875
2967
4954
4459
242
3177
7150
1445
5602
7435
46
680
3336
9514
8109
8087
9004
9753
2365
3024
8608
7548
682
526
2995
6521
2095
5674
3645
3603
6575
4755
2279
7056
1198
7626
5854
9816
5259
8089
8952
4899
3329
557
2162
4887
5328
8679
5681
2303
260
2823
7872
1677
1708
6448
8069
5181
159
7770
5913
878
8371
3675
4971
2642
7845
12
6859
9479
9383
4375
1508
292
7694
7237
7181
3467
8996
9660
7153
2325
3459
1386
1487
7231
3785
2259
3983
134
936
7673
6757
2859
3117
5334
9375
5141
5869
1596
7981
6790
8433
2209
2663
9802
3532
5600
8772
8879
942
7634
1411
372
5986
2954
4107
4213
8428
2073
2500
6776
4403
8651
6119
4340
6470
34
6569
7125
9914
3587
1481
7972
9304
1661
6489
5412
8401
6967
337
5634
1180
5070
65
2666
5761
2436
563
5222
38
222
7851
8851
2374
9284
7998
8147
987
6342
5876
7170
3831
7760
6690
6280
4201
2465
4930
4849
3959
718
4225
171
794
116
140
8732
3861
7462
1884
3751
4212
5006
3610
853
7307
4083
2675
9826
7031
5980
9940
2671
1806
9590
838
5417
9721
7127
4853
8584
3809
8111
7471
5491
6024
1345
6836
7712
652
4220
8053
3945
5285
8328
4227
2289
2837
9717
2397
5810
1554
826
9454
9933
8075
3458
3868
2311
4891
3594
4990
2302
7213
2718
1600
8423
7202
8741
629
1607
6054
8702
710
9135
3496
422
7300
3742
4628
9516
6985
851
3591
6654
5779
427
7430
6995
17
9047
4483
5838
9733
4973
6050
9281
3725
1369
9088
7750
3571
3016
7660
8156
304
6083
5124
2778
2815
9372
1978
4407
7553
7186
9671
4464
8510
2825
2773
4180
6182
3408
131
4183
1848
4258
9048
5473
9405
5123
4496
6965
9107
6226
4682
5061
1663
5377
3231
6104
483
7096
4184
7327
1142
2031
1766
8903
1756
4995
1843
7511
3401
9835
2940
1692
7159
9426
8088
176
5851
193
9476
7853
4247
2538
1793
755
5945
1644
1193
6427
4432
677
620
6485
1117
3224
8221
392
6456
7007
1109
2680
5714
9588
8239
3682
5950
9136
6954
8601
4104
7053
6533
5437
4273
5156
9692
1313
5038
1605
4346
7711
7124
914
757
3420
7578
518
5861
3975
9550
7084
6563
191
2644
5512
9228
8436
9170
2360
1395
4318
9548
3511
2911
3395
4264
3342
1311
8004
8158
614
6297
7564
4140
5709
5100
9456
4797
720
3437
8170
1527
1028
4659
215
2157
2098
169
4164
7088
9145
9704
9477
3629
1408
9000
1739
8590
9980
6221
4688
6367
3884
3490
6826
7831
6668
3747
3276
7579
9474
2081
9070
3413
2728
6307
2166
1358
8084
8306
3017
5687
706
9130
1199
5139
5211
4495
4151
7239
6688
4724
1812
7829
3265
9316
367
9706
1041
6247
3553
4604
1389
5711
9358
9669
845
6864
2518
4067
4293
4977
3650
7454
5157
8640
1355
8561
3105
5363
4166
4448
9063
4916
2653
5249
9146
2204
4778
4610
8873
2270
59
8220
9648
9935
8945
8672
5163
7395
3604
9770
5974
8345
8694
1152
6227
7098
678
4674
4374
3387
5416
2023
8670
3116
4326
6060
6556
5172
9844
6935
5500
2977
1460
7246
369
223
7302
469
8824
3158
1462
2152
8185
3677
9377
3070
1291
5519
5161
668
316
2202
8339
581
7428
8381
6562
4418
5841
5145
1691
588
1844
3741
3402
2910
5898
7218
7938
7225
8163
2839
8248
3259
5324
5338
764
1441
95
1521
4706
2415
1959
3973
1227
9779
8956
2079
9469
4425
3585
6887
8958
6822
1520
3882
4003
2648
6084
7737
6327
4746
5993
162
2856
6988
3092
2992
6257
3775
5528
6107
1774
2337
4380
3644
5797
8920
8528
8908
2418
2190
6907
5378
4325
5510
465
2768
8684
5596
2004
8539
4356
5750
3924
202
7927
8465
2061
5439
3086
7987
4032
4634
7736
9549
1335
3797
5916
3160
8800
8783
3685
2019
2638
2962
1822
7105
9560
6055
9578
7605
2523
7291
7179
7769
9437
6631
4609
8211
3478
2402
4782
5472
7219
5265
9260
6125
3071
5878
6018
7603
9302
5526
9077
7280
4915
6251
6399
217
9317
6266
8454
4994
6047
6027
2659
1790
3283
8291
5775
4832
4094
9952
3630
9155
5725
3904
8794
4108
6667
9159
2828
6165
7178
1646
8758
4618
1012
1972
9153
5857
9366
6725
7848
9341
4860
9771
8197
141
3880
4198
9367
9374
276
3968
7537
2340
6694
3192
8146
691
7676
6378
7524
7164
4024
6396
2076
9252
6737
1004
1492
6999
8160
3763
3980
6434
2018
6873
649
5628
743
8363
1161
2296
6309
8523
9106
3717
4515
1635
8443
638
8360
7259
9174
4125
7506
2811
822
8491
8403
2065
5822
9369
9702
8710
658
8929
8977
2207
2380
670
6747
2227
2000
1405
8253
1051
2581
9641
5239
7208
5752
1461
4499
6203
8166
2299
7743
8095
1670
4520
597
1014
6231
9947
9510
3360
7643
1798
61
446
9255
5303
3155
8726
7565
5147
9572
5086
1941
1116
1904
4566
6413
4129
2188
5698
9431
6006
1231
5767
3514
361
4710
9836
7085
8384
6109
8563
6872
9986
9334
7621
6173
8557
5232
2332
273
7931
9798
3632
5943
8918
6029
5735
326
3579
3986
727
1402
8564
3435
228
6285
3517
6702
7907
2942
8838
5923
8486
1098
9033
6406
9105
8545
5044
1907
236
3648
9685
2674
6522
2933
938
8837
7672
709
4165
2806
4231
3182
918
9111
1171
2713
3870
2616
6310
1061
852
6727
8869
7057
2593
1658
1148
84
8843
3131
7470
9605
1375
741
1146
738
8921
7335
366
9176
9967
356
421
5856
2154
2080
1459
730
2700
9630
9944
4976
8394
4461
3222
7255
8438
6596
7647
7452
8017
5136
5748
9766
7029
7301
5815
5864
8255
3343
3416
8003
4187
2758
2601
6131
9608
417
3191
6053
4361
4014
4479
8110
6101
7030
551
7348
7115
3740
3760
6283
6526
5592
5708
5048
5409
1717
6546
8368
2214
8219
1856
3909
4828
1281
2131
3126
5747
5109
5056
4281
9557
6376
6063
5931
1660
8769
3885
871
7749
5801
327
6132
1057
521
6373
3029
8337
9977
4034
958
4683
420
6609
1007
990
170
6466
9767
9350
6498
8331
3334
9530
1599
1223
5855
6451
1516
3530
4381
960
8673
9993
7063
5132
6888
1318
8632
9277
4228
8307
7600
3169
9351
1392
9440
3838
2698
1535
3573
4700
6876
953
8496
2029
8408
1555
9148
7290
4421
3157
1396
1437
1831
8638
7436
6126
6570
2571
2553
8390
8780
4082
1723
6692
6412
2342
9235
7445
3332
1019
2300
2036
6222
8618
7419
6201
5479
2970
6452
9179
5053
190
9595
5206
5568
6323
1484
7460
2243
6503
2047
7817
8132
2091
8969
9010
4316
5278
322
5010
2010
4445
8407
9564
4127
507
2049
7852
9833
3762
1237
1483
7173
3460
985
1
7313
9463
3540
3616
4405
3481
3272
298
4426
3396
9343
8238
3613
7844
2066
6921
1694
4199
4681
8683
9906
9920
3908
6169
9743
7156
693
3484
7948
4036
8655
9811
943
5530
2150
9561
2981
8982
9154
6036
168
3450
5679
7839
3159
2250
9554
9073
6069
3400
8782
1259
8924
9025
5209
804
589
1256
6589
493
5982
5343
8699
6709
2320
8611
7735
4897
2576
4723
3270
5140
7405
672
8076
8509
6566
6544
8223
1986
7677
2866
2255
8536
1102
3423
3077
7861
9416
1342
1388
6772
5989
4172
6919
6421
2751
792
6150
4672
2707
5354
4248
4171
1307
6716
9679
9949
9403
5598
5224
3796
5336
3679
8882
4113
6920
4295
1196
7517
7595
8558
8136
3504
3003
8832
1126
9380
100
1124
7389
2530
7492
4969
6784
1664
409
2496
8708
4938
8723
8035
6200
5588
6892
6135
184
5192
983
4252
4395
9619
5071
1385
7936
3146
1732
9662
3967
7321
4362
9429
390
4999
8264
3818
9546
3359
4960
8233
8629
8604
7415
3737
9592
81
1155
360
8133
9582
4786
2472
681
6012
432
2432
3040
724
8520
8897
1209
1426
2519
2014
5631
2979
2172
844
2965
8925
5889
4088
6093
7100
6015
8086
9291
4644
6432
7761
5638
814
1123
9799
3382
4286
3149
3094
5751
9653
5914
5629
6380
2438
4254
2821
1609
8404
6429
2724
2598
3544
6913
7884
9217
7243
8065
2619
6940
9027
1830
8751
2860
2956
1936
5393
4309
6686
8994
186
3020
3463
2643
1612
9747
198
7917
9132
9433
3839
3554
1377
8975
2463
2007
6658
3912
9206
3414
5745
1201
9782
6337
9397
862
1262
3512
2399
8179
7921
3113
1203
5676
1645
8321
1697
435
1823
8029
4579
3162
8116
7278
617
4521
4741
6008
300
1957
5169
8890
509
7624
1621
3696
6409
9524
3789
4099
9349
8734
77
3503
2766
4007
6625
4526
4077
5694
362
5952
3905
8516
4956
93
3639
1351
1250
876
8357
1066
1194
6336
1063
3298
6851
9687
6471
4800
109
9723
4224
5534
4270
5964
1807
1480
7695
8016
3814
3436
4626
2341
9069
9843
9406
2348
3175
3505
6770
8117
4749
7343
7561
1641
8787
7932
7426
5644
1111
2863
2791
1776
7016
2491
554
2855
8022
3229
8766
639
4772
8054
1522
9442
5184
6072
6511
1179
9907
2883
2921
1059
7810
1486
7757
3268
744
3115
2305
2937
5690
1200
1841
2390
3300
7494
2417
9242
6368
1234
1962
5561
8446
2945
615
5168
2368
9024
2393
4754
5520
7763
6937
9763
7175
6627
6220
9427
2731
2820
3227
4668
8823
9808
357
6600
9149
9597
8756
2321
5420
8700
1241
6108
5058
5733
4807
857
4053
869
9417
3140
2075
4998
9654
1308
1989
7276
7961
2994
5405
9825
4803
6672
5273
5998
6850
8135
6863
3897
9352
5988
737
5375
7741
4455
3718
8928
7798
9730
2580
4392
245
7146
3543
700
977
8716
3053
2579
7887
3410
5930
387
9147
6184
8556
2889
5395
8288
5844
411
6875
5468
5785
9226
350
1887
8988
7254
6832
1706
560
7720
1103
1110
1348
1407
9856
2658
8587
3311
7683
7994
1585
9227
4189
9209
2326
3748
532
618
4664
4817
9604
4595
9050
343
3598
7111
1379
5897
4240
3213
7242
9955
596
15
180
7821
4763
3583
1727
5149
1730
6455
7778
9918
6331
104
3807
8231
4197
7699
4160
5204
9301
2444
9701
9981
6254
5488
5494
7954
1080
4833
2604
5089
6735
575
2732
5462
7332
8466
3551
3510
6372
1015
3214
7929
1746
338
9531
2050
5834
1738
2901
9220
5533
5150
5284
3563
8356
4047
5253
9008
5586
8208
2924
3609
6773
2917
751
5766
2351
6724
4951
4137
9178
7131
2336
2389
8676
3941
4457
9359
2741
3084
4364
9916
1616
9129
3172
4383
7283
8204
6857
8936
6223
2792
412
5101
6235
5957
1246
244
1398
7209
1990
3216
3101
3274
6392
7705
4984
7997
8256
1175
5784
87
6253
3469
6186
380
5471
3066
6535
3824
9774
9720
4086
8108
4917
2562
3964
470
2200
7028
2744
5272
5137
4139
1158
9236
6190
3710
3042
2906
3852
9732
2349
8797
3615
8139
9718
561
9475
2690
4091
684
1216
1433
4297
7589
9232
1364
8836
9750
1207
4642
6765
9402
4963
982
9674
3424
4685
4759
8027
9323
900
177
3189
7168
932
7689
3076
1797
6732
4202
2487
4507
525
4008
4922
2952
4216
8724
7806
7875
5480
9122
1362
908
3889
781
3473
2112
6462
5445
6890
4905
6534
9092
8680
4798
7702
7830
8625
5369
9957
8015
5313
923
801
4291
2991
6739
3963
1839
3354
9937
52
2
6450
748
7560
6446
6385
2971
1932
340
1350
126
572
3452
2688
8886
7000
5547
8840
6973
3833
7527
1406
6947
5892
3279
6929
3557
5424
1950
3683
8798
2485
861
5540
1837
2735
1827
8551
9270
1417
472
5942
5539
2457
5167
1642
9829
7342
6495
4176
7822
2774
2464
2125
1156
8531
4195
516
9613
3617
1349
788
4661
8005
4900
8919
1047
796
3364
2353
2375
4069
376
5431
5122
8623
2290
1816
9537
3997
5489
1030
6295
6189
5414
5910
3671
9581
5920
8100
1690
8285
9924
5758
4882
6477
1819
4908
7541
5203
1159
2281
2975
6351
7704
3962
5092
2067
3913
595
6586
512
5309
1501
5937
556
886
1309
6064
413
3914
5917
5845
9505
8944
4613
2046
8984
825
6930
4888
9804
9459
5015
5886
7047
2385
1474
7398
767
319
1315
6420
510
4466
9943
3761
5460
4813
2285
3326
3614
1206
4323
3456
9580
4409
2539
7440
1895
2048
1826
4673
4850
8478
2662
6328
6208
6401
1767
8161
746
5873
5214
2105
9071
5017
9049
2456
2134
1456
6507
4693
6110
208
2497
5464
9399
8372
8907
5781
2155
9498
8728
9364
4355
4106
5969
3093
2167
7718
605
333
6538
6885
8411
5260
2602
5915
1261
1963
7898
2943
6073
8537
4208
9449
8474
2896
7328
7070
9776
2613
5979
6610
5729
9052
6159
7905
3673
2183
6932
9318
3684
6037
151
6514
6746
8644
6217
4590
692
6483
487
4437
8854
6599
9848
1916
6633
6652
9594
6775
6653
7422
7370
5967
995
8317
2262
3225
9
1712
5201
888
611
9276
243
904
4532
8412
8498
5723
8495
9060
4623
1472
4475
7639
8346
6898
2263
4523
9455
3501
5570
5506
9198
3801
6346
3331
370
4574
1058
4806
1382
6762
1993
91
4883
860
7018
4232
264
397
6642
7714
4935
5523
3286
945
8209
7472
1632
8550
2002
3047
6902
6714
9447
2694
4744
9636
1671
7956
4097
9558
3193
6141
4336
7461
3911
8267
1269
4576
5853
8774
256
4327
9080
8154
2826
2627
9361
6961
1099
3174
313
7963
6807
5054
1356
9501
8120
6219
9655
4553
2186
75
1709
2211
2535
3095
5200
5344
5621
5960
248
8378
5619
7877
5580
9737
9821
3627
8793
166
8642
9828
6729
3608
8598
3722
47
1859
8841
7809
7135
9076
6820
2181
4852
6755
4771
8859
5546
4015
515
3871
7924
6202
5270
5626
4698
2358
3976
2989
1987
8257
6568
2458
9113
4562
9303
346
185
3564
9707
6748
5469
5063
482
3358
1624
2102
9612
1090
7134
6536
2916
7558
7371
6958
4705
4023
3776
6076
8948
2636
8330
2869
8270
7069
7128
8715
6793
9912
1734
8617
8759
6426
5256
8081
371
7679
8262
3923
8900
2969
8462
6764
8842
6991
4747
8040
3120
1286
3929
4329
7594
2117
653
7876
7360
6583
9995
9982
1668
6308
1466
6384
9428
3873
4206
6966
8299
9807
3768
37
5230
9519
6293
2354
4301
4978
1496
5449
5954
8704
558
3027
9642
8692
5836
7976
4714
1894
4370
3139
5610
573
5107
135
238
6238
7060
3080
3634
636
3011
4605
644
6713
5682
3393
1592
3529
8002
6842
5103
2813
9430
6858
1002
5646
9238
7734
5516
5358
9494
4796
9272
635
3061
8747
8645
2699
5826
7496
6497
7622
3111
2589
7061
4581
4188
321
9207
6693
4359
9183
988
8323
9705
2759
8206
799
2416
5929
3698
883
7790
8122
5030
6553
9187
1634
6992
6579
836
1742
3442
2529
3068
7010
9831
119
9173
8226
7843
2492
8353
8898
4272
6117
5255
1325
2120
1380
1567
7592
2769
2103
3658
6379
880
7779
3483
8981
2588
2028
8419
5572
165
8032
4290
7572
4866
8942
941
2812
5046
3449
5162
5901
9824
5217
6774
2789
1378
7535
9391
3726
1780
9495
8731
4429
32
5454
85
3264
9616
4057
5215
2394
4967
5198
4400
1130
175
3015
994
7581
6229
8830
8953
1760
1608
4186
1029
8946
6340
3676
9922
5421
4993
9667
634
7567
1573
4815
2361
9888
1545
2078
9150
776
3758
6151
7641
8392
997
4991
5662
7539
8976
8018
4506
122
45
8093
4282
4210
1425
2147
4145
2559
1118
1842
8297
4981
4948
7106
3841
4243
3266
259
3352
5452
3451
5075
5736
2286
8274
8362
6172
777
2632
6209
3054
118
3800
7166
5280
3886
1133
1973
771
3943
5511
8488
8602
6239
901
2434
1197
2624
7110
4750
1297
3340
6529
5016
24
7642
2701
2587
8036
9424
5012
2040
3732
1094
3666
6394
3345
8430
5831
6501
5042
1329
1825
4111
5295
7411
336
1991
7755
5549
1421
1300
3141
4018
4559
5981
8062
7530
2205
2657
9328
6467
6994
6318
3218
4841
8302
2430
7661
9929
6933
8570
111
347
9411
4211
251
7794
5406
3806
6651
5862
9951
6733
7388
2313
4079
3674
5165
3558
4861
3226
6225
8636
3721
6300
4404
8664
539
9593
1546
3647
7591
2874
6098
9390
6834
1368
3045
628
1168
6259
7501
4310
9210
2284
8014
7322
1777
8853
4263
4417
4597
7766
9990
3325
9013
1662
3083
2203
6059
4845
5055
7216
3430
5453
3624
9177
8314
7408
6615
5216
9064
3663
253
6313
3524
3248
9728
7163
125
6025
451
863
9345
855
3667
1988
9054
9915
5599
2101
8917
6403
8234
1129
2122
174
4070
3254
1005
2573
8165
8980
3399
3668
5087
1750
8045
8647
854
9997
9444
811
3050
8377
6271
3373
4965
8526
330
9091
4428
4848
5902
7656
4591
9968
7670
7049
4911
6143
443
4321
8938
9996
7091
7083
3247
3421
4330
4236
7857
7900
5870
4366
4779
7602
8060
9265
6900
9287
4716
8987
8844
4525
587
5349
640
4503
3954
4658
7299
7865
1169
1731
7349
6388
71
5282
136
8613
4580
2723
1410
7347
3985
528
3715
7827
4572
2386
9273
3541
2905
6593
2194
9783
3926
8213
4126
3840
5896
4105
3778
9599
5521
1469
2782
2099
4732
3409
5909
7569
3429
7764
8294
3461
4065
8481
9894
2785
5423
6436
9239
8327
5541
3439
9885
8923
4961
194
5507
282
3822
9453
2367
4545
9627
9384
6494
2720
7224
9125
6276
7158
444
5558
332
5668
6829
3847
6277
4146
4241
4831
2575
3049
1735
164
2015
8064
1597
2431
1514
1266
7777
4298
6106
7095
8351
4317
1104
7995
5839
1543
3606
4484
6174
5212
7551
1995
5934
2328
235
7032
1145
9646
133
408
1285
96
9493
6616
8429
1337
1874
9672
7980
464
7196
5949
929
6803
7468
4363
3526
2693
4696
8261
8342
452
9422
7534
364
2555
2062
8657
543
8190
5958
980
8450
8786
6236
8286
6835
9306
9266
5333
6953
7701
5413
7039
7136
8827
1980
1022
3335
6433
9205
8746
7930
9109
1310
1755
4367
7631
5400
6500
7557
4136
580
3474
4670
8106
6147
2197
8289
5538
99
906
9481
9681
7992
3374
785
8717
9615
6585
2024
8572
2355
4565
6838
7949
1186
6942
5695
7012
9376
468
74
2278
51
9011
7813
9084
8691
6906
2678
8727
5028
708
5129
461
7042
7909
5973
9161
3386
2640
7227
8940
9249
1333
9673
7045
3198
1108
5556
7632
4856
2726
1613
3549
3275
5408
8414
7547
4491
6675
7855
8696
4276
1295
9394
1452
2996
1549
7678
196
457
3072
5840
3991
7051
4955
1071
3044
828
7015
2441
8352
7586
1622
1347
2072
473
3953
9108
6964
9620
1354
5641
7618
1669
536
2831
9533
1676
4414
2409
5997
462
6330
442
703
6490
9466
1384
2592
3930
6193
3879
7362
993
4587
1302
3802
281
5134
7064
6754
2827
3903
1312
1900
7934
4692
5927
8148
5236
6528
9441
7536
7538
2063
9628
4005
1438
795
7191
1195
7692
5175
3372
48
6502
4829
2721
4753
6486
9703
813
1976
567
1143
1282
4592
145
8303
9711
2865
9634
6040
4110
9958
1577
5088
2567
8439
5618
7311
4328
8324
976
5348
7495
7005
6437
5025
9079
2987
8467
8554
8796
6496
4173
4420
2634
527
2871
2470
5617
5710
8217
6218
3989
2754
7698
711
1953
56
7964
9690
1868
2796
7286
6100
8137
6943
9559
9116
5238
5081
9664
2804
6051
7081
1765
7409
6007
9992
8348
4793
6959
2206
689
3993
3946
508
4819
9942
9066
965
5595
8367
4719
1726
3754
5884
8605
7665
647
8637
9872
6555
3601
3433
7287
2548
3148
2541
7093
8343
7918
1292
9114
4555
1934
2346
3872
4001
6066
6718
2176
2220
6744
8883
2175
2499
9244
8589
2408
4721
6364
1935
6572
8960
2851
7429
1857
6519
4487
9568
3956
6128
2685
7868
2276
5427
1376
8304
8688
3937
1435
9067
1818
9840
9881
2187
301
4446
7244
6637
666
9297
3994
6506
5571
7433
5849
967
7674
522
6363
1042
8648
76
4914
3296
9202
1805
2249
723
5315
3935
5346
123
2951
3812
6207
1680
1858
6127
6603
9724
1120
8199
3691
9899
7984
884
1618
1943
3576
9639
3878
6833
9927
4262
3938
968
2135
3605
8620
3850
5078
1319
6696
5118
7687
9517
8113
150
9119
3347
9571
1772
8858
9294
9457
1381
5302
8962
5811
3656
4399
6242
646
2528
5330
519
7198
6855
2481
5812
8789
2520
7212
9319
959
8896
9551
4237
9954
8469
793
3322
385
9240
9876
7814
5463
2848
9250
5327
221
4096
2784
7573
5279
8720
9315
8293
8240
3455
3109
1458
686
3059
2136
1412
8957
1536
2752
7655
7414
5673
4413
4114
956
8296
5843
9172
1796
8153
4167
6492
1502
4757
5067
3443
7122
4775
4218
4498
8236
9040
7380
8128
3713
1219
4573
9156
1799
7583
4536
3028
5429
925
3485
8499
2149
5064
6075
9877
6944
3724
490
8801
4925
1065
4979
8483
3978
4388
9470
4962
375
9830
4589
7261
9725
6923
2352
4654
9299
3895
6639
996
4115
210
8867
4691
3982
2182
7022
9030
1254
3961
1419
3898
6339
345
5829
4585
6349
3652
9946
8406
9610
9083
9491
8690
5788
8260
9099
7985
8967
4596
2524
6255
3200
1334
6928
7387
9979
7350
9478
5991
8932
6080
3584
4152
6766
4492
2880
8580
7177
9095
674
315
2797
2391
161
6213
1715
4784
5397
3470
9068
5288
5436
3257
9191
1923
3317
1905
7404
1299
124
3476
9128
7970
4312
2788
5116
7588
4477
998
4699
9691
494
2776
8954
9229
6478
7901
631
9151
5656
7879
3007
7046
1366
7881
3705
4011
8650
3118
2628
5401
5301
3010
6065
1192
3151
2999
1700
8922
8626
9575
5804
4100
1946
6115
6996
5576
9589
3052
101
1847
9624
8912
3206
1431
1374
8779
4122
434
4686
9741
961
9327
4098
458
5535
1271
224
188
1615
2949
4752
7870
7200
7824
3750
4026
3290
1128
8200
3804
3817
6882
3771
3893
6629
8476
5603
2565
1749
6294
4090
8538
3204
9003
2413
6743
9896
3649
1967
6248
1899
2748
7407
7144
7787
8215
1542
8892
9213
9998
7625
5001
4679
4488
9768
8123
7719
4154
5961
5174
843
374
5900
2814
6705
3170
6234
7513
6067
2239
6657
4980
3521
5082
622
2540
7190
520
9644
3135
3091
1593
5919
3534
9452
7649
8413
4410
6782
4472
8829
6099
5252
9096
2557
5475
7279
5627
2679
4761
9736
1018
317
5250
9680
8875
1122
9357
4162
8949
5778
933
4051
3082
9871
8
8594
1150
7754
1170
4557
3936
2514
8456
6187
1651
5112
529
1550
8750
3791
6565
6362
3090
7075
393
4440
7337
7249
9502
9133
1693
2400
6825
4238
2165
7941
1249
8055
9165
1922
5205
5299
9305
5635
7197
6831
3516
8577
7606
2174
586
8225
7615
8592
7427
9749
5024
4970
219
8813
9215
5976
7048
8503
7652
859
8553
7697
695
5551
3890
4205
4598
8382
6028
9961
7820
8719
5865
6710
6976
7738
9022
1781
4497
6946
3672
5332
437
5376
2477
2925
4773
5727
414
3465
2440
1532
1504
1076
8848
489
7838
3502
7141
1764
9573
1135
4751
4629
344
1035
8066
9042
3641
6058
3055
4638
2027
4434
3147
7187
447
946
856
2756
6691
7439
7922
8011
5402
3285
3383
2217
6005
1602
8839
6602
3542
511
5037
6262
8852
2482
6758
2569
5341
6422
8332
5742
1529
4132
7489
6204
8391
4529
2948
1430
4928
7205
1138
8861
688
4102
1595
7792
6561
4986
5562
2647
6468
2126
7497
1583
8815
2891
2762
954
129
8902
6707
2892
2035
8627
6726
4157
2298
2932
6019
2462
9956
1637
2550
6956
6759
7780
3538
9614
7812
2196
4337
2383
8631
5661
107
9035
3163
5527
2121
5823
6866
6278
3348
6852
8941
7774
201
8575
7361
3428
9757
450
882
6614
7772
178
9407
8171
6299
7119
4524
4684
8058
9293
7025
4551
9163
5352
1160
5484
1078
8721
671
3255
6883
7947
6574
7789
662
9972
7017
7726
2630
3351
5924
7648
9508
4822
6617
2378
4458
9015
7935
1737
3577
2237
4109
4427
8119
8061
5213
2717
9214
3295
8603
401
4161
9758
7717
5612
3729
7315
9921
2330
4033
8249
6581
7502
7546
3471
6274
1718
3304
4903
3611
2382
5983
3805
3145
3834
875
2322
2654
858
8819
5731
4118
2739
8350
1729
7
1810
1446
2506
3497
9181
2495
6091
697
3324
4726
5470
407
1352
5461
2233
1824
4345
3405
7184
335
6731
2508
725
5962
3427
1144
3794
9247
7294
8143
373
1177
4371
3992
7975
7298
3825
849
847
9665
7353
3894
1929
8252
9569
3917
7556
348
4645
6014
2986
1393
4906
8025
9822
8287
4385
8118
2691
8460
4059
314
6685
8173
3765
7412
1044
7257
8790
2055
787
4687
7090
7651
7657
4558
9482
9061
2641
2338
8472
4092
7946
4537
6517
7142
1650
296
9708
2953
9712
9902
9651
6861
2777
2893
9629
6715
3013
9895
6624
4943
7969
2087
1614
3561
5430
6167
3531
964
8635
7823
1937
778
3096
2407
1276
4600
1683
9166
6870
2486
694
4616
6540
2480
7667
4632
2447
7363
8278
4467
7138
449
1067
4987
3412
815
8145
8398
2449
9032
6908
5966
3987
2854
1795
2226
1060
9295
655
4055
7072
5390
4652
1064
41
5051
8162
8609
1519
8763
8955
7308
5605
3767
7768
1026
2980
6410
1245
6039
7245
3107
5084
2608
2051
6678
5262
5451
5630
9936
9591
940
1298
3719
3250
8284
870
6352
8189
812
6993
8995
9310
8458
5601
6043
9683
423
9312
610
3212
5080
4811
1507
6205
1528
1667
6290
3653
7139
8335
8440
7846
8654
386
7571
2096
8369
7596
4997
2941
6459
8935
6034
846
1968
6736
2264
4512
1357
2145
1620
3069
9368
9775
5193
9817
1695
9818
3381
2193
894
4769
6648
5364
550
5972
405
9043
7512
5938
571
3845
8347
9458
491
7836
1636
6608
6552
399
7708
8475
3166
4812
9611
6442
7437
9684
4439
6917
5663
2547
4149
1572
2803
1901
8904
8535
9892
4959
8409
5166
6634
8847
2058
4627
5905
1811
7532
1069
8186
1204
2614
424
9762
4347
7974
6395
2615
947
9678
584
5939
8643
531
7800
6897
9637
5675
8818
9401
907
2637
2786
108
2807
2412
3005
8591
6605
4708
4912
2858
9348
8048
3394
5151
1977
740
2450
1748
499
4390
8103
1468
578
4514
613
3849
3438
2277
6508
9556
2597
6315
9786
4734
4718
4191
9378
6198
5040
355
4742
2531
2742
9631
5951
2544
7386
9845
830
9085
9497
6288
5640
9017
4343
3282
6009
6088
7991
1763
2309
6118
8333
3843
2381
5434
8473
2123
4256
1105
633
7120
6655
2899
1089
6952
2669
11
4571
8277
4073
4476
4535
9797
7644
1794
9756
3578
1321
3447
601
8804
9012
9518
7399
4649
3039
6286
2864
2442
3939
2585
4268
6355
6353
606
8250
951
4441
2868
5226
7145
3318
6948
7915
3492
9939
9752
604
3910
5688
3246
9625
1228
3190
1464
4528
9941
6454
8799
2425
1741
9789
1754
396
898
5542
1921
3863
4656
9713
3738
9056
2681
3593
2164
4974
7549
4292
8295
5771
139
6038
5713
890
6317
8705
2532
1165
153
656
1759
1704
4203
7590
27
4
4677
6369
9251
8144
6418
1647
569
6515
3853
7282
2926
5362
6387
6901
6291
3859
5003
5970
9471
5225
753
1657
8336
8237
5008
3712
8140
6622
1673
5814
3891
626
106
1013
6086
6453
1021
9324
2104
7330
3488
9473
1809
3081
1598
8349
6618
98
7024
6305
7071
331
9218
5153
9413
868
4569
1097
3799
2293
1548
6162
2818
9007
187
3948
2234
3981
5702
2578
735
7782
2990
4460
806
4348
5237
5513
2370
8318
5693
3089
6133
2763
707
9900
5563
7878
502
2238
5874
5637
3702
1363
5000
4000
3866
7607
1678
7260
5322
7628
4542
5741
5176
5331
3960
6548
6796
3328
5066
5171
2329
2564
6687
3832
612
2210
69
6592
3207
3979
7296
4045
2364
9931
5990
325
9097
4095
4541
7275
8857
4214
7862
7863
733
7912
2711
5367
5624
1225
4859
6740
4135
9853
8850
9532
1244
9062
1448
1439
3786
3766
1580
544
6400
4663
6924
3745
8457
9788
9241
8241
1423
9026
4482
892
9882
4002
7783
3184
6179
6783
1594
3448
1233
7498
3165
5904
9744
8180
805
7940
5052
1178
6370
4250
1903
1429
2283
6079
2753
9910
8047
3468
1956
8301
9224
9333
252
1070
5177
86
2301
7554
5759
9421
2957
6971
94
897
49
5544
7668
6414
2247
4934
2692
4957
6532
6158
4863
3154
349
6105
1659
9544
8373
5859
6812
9280
1442
2574
3602
4748
8678
2229
6463
6660
2505
8383
9500
1205
608
7316
7215
4992
3258
3792
5289
8396
1477
3830
2516
5243
3795
1625
4871
454
6435
2473
3195
4975
9386
3223
2651
6354
7354
5689
2387
2498
4142
591
9314
4904
477
2738
1037
7087
403
1490
2294
8487
3482
2291
7584
6884
5339
5128
5578
4892
7004
2490
6224
8092
6256
1666
3495
143
7859
6856
8320
4640
9468
2983
5922
564
9536
467
2834
630
9118
579
2116
4648
7515
4533
382
3623
8519
3779
7926
9539
6623
598
9661
3925
1564
8175
6799
523
5803
798
8452
7487
5297
8435
1951
3857
441
9891
6564
8978
8183
7620
2230
6878
583
8082
2001
1565
1267
5768
5579
7421
6057
9726
4707
2997
2959
4678
8595
2041
8785
4701
745
4625
2269
2928
1751
9233
2132
4637
2127
5583
5692
5290
436
3209
2590
2088
7977
3134
2534
5403
6922
5756
3299
4463
3888
2729
6487
8242
7629
7403
7894
919
759
1184
1945
4075
2469
9408
68
2719
8776
8459
8485
7664
5170
7074
6275
5329
4071
1409
7867
3556
9101
1853
6464
6839
6449
3927
9353
4923
9585
5440
5286
6081
5806
1891
6811
9434
4966
3974
1457
6903
57
6819
8012
3425
7562
6578
8325
3453
8742
4143
8468
6322
9745
7640
877
5719
4504
3493
3970
1752
2620
7102
4988
4384
6391
2219
6332
2231
616
4260
120
8310
823
773
5036
1399
5261
7448
3707
3199
6680
7123
9765
6779
4510
6183
7860
5802
9275
1235
6085
1016
992
5830
7729
6734
7310
5614
5584
4881
4543
4354
5566
4150
4244
3661
9016
3022
9168
6324
2936
2423
3901
9960
3835
4444
1716
5559
7748
1560
218
3703
7885
4285
7966
8134
5492
7021
6505
7828
1400
1601
2179
8730
2253
6635
881
9263
4169
3744
55
7441
4505
2106
4305
5498
8532
566
1952
7521
9037
6374
2083
4255
266
8677
5121
5608
5755
3201
5388
9905
4265
7753
2560
2398
7973
3323
5928
8416
8444
8365
5975
7442
7499
934
6472
6527
2843
5310
4196
283
339
6155
3308
1910
3727
3559
4509
6140
8740
7248
8098
2244
4465
2453
7162
2894
5894
63
1954
6939
7485
3931
2610
5438
808
3815
6644
4937
9796
291
7339
288
2746
1190
2501
3899
6865
6695
7207
5105
9086
2824
6366
6673
974
5194
2212
7453
4120
4193
1253
1761
8910
6407
5833
2809
3846
4910
6649
4269
3303
1860
7050
1215
1902
6769
2982
2282
1908
962
3957
8309
7465
5707
2897
9216
7895
3780
2377
8733
2533
3220
7479
4777
2772
5178
6962
2471
5651
183
8660
4622
3186
4338
7019
6443
7033
7232
8737
9335
2862
4926
3864
1436
9965
7503
4179
2629
7752
475
2968
9898
2655
263
112
5356
272
1387
4858
5366
7271
1221
377
607
8504
8315
5155
5553
7825
5940
1189
9332
4756
5848
229
6206
1744
7545
3312
514
240
410
2115
2392
2714
2526
7344
9279
1685
6813
2923
3586
7767
530
9389
2068
7873
4435
2404
4156
4646
4837
7233
8951
4516
1009
280
6263
4182
7570
6438
4606
7542
7786
7988
400
7958
817
5099
1255
7721
2704
8142
2715
5337
5102
4982
6216
6753
8218
4953
8814
1218
5133
4836
2799
973
9760
368
7799
4207
5503
4043
6587
9443
4539
3291
5777
3784
5199
1556
6601
7073
3333
4927
8402
8521
664
6311
67
8812
3269
1701
9663
5514
1800
893
6785
6699
7623
7292
39
1530
398
4650
2798
713
2297
1247
8697
274
570
9221
7999
5963
6638
3267
2623
3087
963
1939
160
2665
3152
2403
7773
7847
9938
6160
8698
8228
1633
7182
9815
3827
2039
3014
2793
132
5537
9932
2225
7685
9710
5104
2878
9860
5809
949
6531
4181
3942
9869
7747
7160
8019
3660
6955
1606
4840
7902
5706
1270
8658
1788
8463
110
534
5316
5457
978
9197
2198
9321
2119
524
3062
9693
8085
4919
8659
1498
2177
2033
9124
3085
6910
2709
1449
1365
3233
318
5564
6499
6270
6698
3051
9868
955
5639
2350
7129
6818
2437
2113
1264
9336
9259
4764
3237
1576
2890
5623
867
9446
181
1629
2722
7808
3297
6269
731
3133
9158
3243
1327
889
342
2832
3153
6881
2611
8930
1322
5340
4913
4128
4080
1561
5880
1068
5632
3984
8745
3951
1872
9055
2609
4709
5911
8891
1106
3426
8909
6001
1416
3777
4438
6171
3150
8693
7722
5685
538
4234
8983
3378
9392
5106
7077
5818
7230
1493
6700
9138
431
1834
9271
6591
8656
9837
3271
426
6597
9196
2427
7477
1864
1217
5115
1187
4017
1027
9246
6925
1544
729
1610
5186
2955
5219
5867
8447
4540
2339
5672
8102
7247
5456
6191
4952
5389
3716
9414
9523
6816
5231
6358
6845
2053
8229
440
8263
1722
9626
1077
9645
8506
7355
5737
732
7368
2687
1434
8112
643
9448
5466
7401
540
2963
5274
1346
7345
9373
7265
9053
6800
5197
6240
1323
9340
1643
3646
1985
9072
747
864
6801
3486
5545
6035
8559
7165
6671
5907
1878
3001
3816
5613
2419
3221
2357
4690
9201
2830
1575
2159
5300
3562
4284
4485
6298
1494
2195
4624
8073
7730
6656
4382
5292
2749
7550
2993
1537
1883
2930
5536
1140
4453
9023
2761
2021
1562
9923
8313
8706
2918
2964
9577
3338
770
7358
9436
4583
2635
9381
1361
7993
8718
9285
2070
8806
3509
4818
2836
4087
3995
4277
594
5591
3635
3385
4041
9812
269
2966
1100
6767
657
4842
5509
5114
5353
4489
3932
4447
1994
7121
3419
9339
5428
4408
2044
2847
1222
970
6192
4671
7423
5277
9311
872
359
6777
9248
4584
8370
2771
8505
2607
574
2689
9393
9988
8877
1768
306
9160
4009
4222
8471
8489
6706
4194
7319
5245
2484
4378
7811
9028
5770
1948
2667
4781
8663
7171
1539
30
779
6828
1619
8141
3625
8513
5642
1001
8243
2845
9460
6031
9059
4633
8451
8974
1039
2208
8916
1753
9838
9486
1045
9237
6341
4229
8725
1056
1911
2877
3736
4780
2881
3955
7431
8121
8687
7066
9223
3384
6335
9983
6909
9607
1232
2406
6148
478
6814
5987
4602
8681
2304
7781
6003
6797
5740
1499
6329
3302
8822
3787
1801
384
8791
7543
3418
7893
1236
7630
9618
4612
3366
3377
8666
6419
1091
2908
8771
8943
716
2920
9842
4035
4101
5746
8105
7020
9864
3181
7089
4235
227
2242
7078
7866
388
3379
1784
2139
7896
9137
5813
8934
8534
3245
4890
2138
1808
8203
1088
7167
6524
2903
7180
2652
1582
7619
3520
8001
212
3004
5183
3664
8246
7391
9567
471
8914
2022
7680
8622
3921
981
7739
3355
1893
3277
9171
2927
4339
6896
2288
1252
4846
1707
6153
659
6042
4299
5971
3498
6998
3922
3752
5110
2191
62
9666
2292
7923
1940
4311
4711
3350
9046
6195
8023
463
5795
9541
9579
4486
1114
7688
3043
5002
7044
802
8168
9018
6386
2912
3947
4929
1053
278
5191
8039
220
3104
2107
9139
3110
8493
2215
459
3828
2038
7116
2600
8773
8502
1992
82
3185
4062
6102
3205
72
9897
7775
2686
8533
9274
5762
714
7658
6573
7633
1591
1688
20
3103
1314
2445
2946
5996
2267
8950
1062
8445
3739
7366
7925
3119
8816
2898
1306
9337
7713
8993
6347
5035
4376
5995
833
6404
6168
7756
2235
8770
6963
6990
1531
4093
4063
4249
8026
3341
8661
4792
2064
7400
5817
8191
5658
7580
565
2595
7192
2316
4352
1240
9038
6423
4827
5543
3431
9200
5660
3595
6721
197
8251
2379
9953
8091
114
6343
9545
6640
3539
5912
8555
5953
6233
3788
8585
6972
6824
5531
4631
1970
763
5732
2527
3009
5311
6163
7258
1682
262
8216
8959
6123
9320
4450
1889
9576
3701
6541
8470
6170
8329
189
7130
1303
2251
8455
1758
4862
6077
7945
6480
7297
4538
4300
5306
3273
8044
3836
3692
5502
1397
204
5079
3339
1713
8735
1791
1163
3176
9814
1479
1403
1404
8578
7151
6879
7983
4547
3124
5018
6670
5769
2633
5021
654
4138
9507
7466
3371
4918
6145
5486
5404
2216
3508
8689
3242
9057
365
394
9379
7410
3855
3197
2272
3137
3260
8768
8232
5718
3038
3500
8722
9127
9700
3670
9875
8709
9803
8031
1523
7745
1023
5257
5984
5125
7183
8196
9325
6760
8624
3307
7955
8754
9142
9140
5611
4177
7608
673
8507
3770
10
5871
4785
50
6604
354
555
4722
8512
3607
9415
9082
4049
5325
6750
9529
623
6074
6121
3518
9225
6837
3527
4469
2850
4331
80
4451
774
7765
5097
3356
1301
5590
9676
8380
5654
6428
6017
7691
7903
5738
5382
9566
3002
8831
819
2142
3129
609
3533
1938
8998
4253
2696
8344
9521
352
9504
8276
6849
1958
1526
2625
8828
6232
4287
5229
4422
6431
7486
4344
4621
2148
1975
4500
8155
7746
8835
4335
2958
3966
479
3928
7463
9806
8273
4117
5657
1488
2676
2173
1552
7288
2405
2645
3288
3138
7277
6641
9834
8364
4089
1617
7951
1846
4048
3823
9883
2111
9267
1762
2805
7425
5312
8152
760
2545
761
1320
7758
3123
4013
7467
1782
4667
726
1653
2254
7996
5019
2887
8271
498
5794
8319
2124
3522
4945
8415
4825
5832
6016
6469
6689
2661
4611
8028
6130
3363
3132
5497
6969
3074
138
4582
2252
1003
2521
8739
1113
2702
5622
5959
1984
6166
9601
1628
4387
5594
2362
5730
7305
1603
5620
9065
599
213
3480
9432
2366
7346
2972
824
5182
7967
4314
5796
7052
8038
9288
8037
6628
4190
2012
1747
2257
6481
1851
2222
3365
887
2156
8041
6513
8905
3316
2030
1832
4133
9014
1568
9490
4360
8778
6815
3695
6539
1890
9425
9839
5782
3636
3030
2280
1769
6371
9331
2795
8006
4016
6260
5754
679
6738
1424
8079
1096
3370
7250
5671
3998
3391
9773
6430
4603
3462
1631
2705
6798
1033
8926
5827
8667
4271
5824
2420
1191
4620
4964
2660
4396
8024
7373
7601
2474
3916
9234
121
7604
5808
5374
2668
2846
6440
4332
7475
2359
18
6891
6032
619
6473
4377
484
4054
4942
5552
9418
4869
8695
6122
6537
5180
5098
1092
4230
6020
4643
4586
957
1803
205
1257
8566
4834
4552
1176
9748
4123
8099
9658
3965
8149
3353
9404
4302
6237
6087
8182
7304
2710
6348
6509
4462
5240
4639
2743
7367
8421
1558
3454
1440
6934
8808
5699
2318
675
1579
2275
5228
6805
5342
5254
6681
6390
9199
5293
3128
379
5899
9186
8477
3346
1294
1698
6867
6319
2448
2552
2695
9621
2335
5554
2141
4738
1850
4703
1085
3803
5096
7381
8007
3669
2410
466
5992
3654
6751
3999
7732
9512
5653
4415
5196
9670
4379
6874
1371
1745
3810
5477
4480
5223
455
2043
506
7324
8524
7784
8646
5326
3657
797
4697
1343
8961
5291
2315
9801
2013
2137
1151
8669
6567
9540
7266
4038
8630
9861
6289
2056
9787
402
6871
9688
7416
4810
1515
286
7228
289
7011
5091
503
7526
2876
3057
4393
4056
7450
2314
6510
6780
4774
5888
1079
3971
7928
7229
9820
2422
9657
3628
6708
1273
9772
5555
1719
4042
4144
749
4278
1167
2170
7378
7801
3547
5221
5749
2755
1149
2184
975
5525
6011
8552
8712
9719
7329
5287
6326
2429
8541
4725
4391
305
4776
486
3693
7599
3733
577
603
6632
2978
9044
3711
6636
2558
7886
3479
6129
9300
5323
4037
4877
2268
3441
2396
4614
267
5207
6981
4920
9926
6504
231
7443
3689
4245
2810
8043
4563
648
1503
5483
4865
7055
1174
5049
984
4794
3064
6626
3376
9859
3392
7609
3168
915
8546
2074
9489
1147
5158
8427
5308
1926
1268
7438
2084
2435
5789
5108
5918
3036
7480
418
2725
7333
4787
8614
9492
257
7703
6914
9911
5399
3708
3035
3032
9180
480
2522
1450
2344
232
8685
3404
1339
4397
1043
4947
8021
7364
1927
2333
7540
5392
548
2727
2961
5686
8530
2857
8901
1869
1040
1164
651
8979
9682
835
6712
3597
5373
8425
7234
6778
5458
924
950
6268
5724
1947
5380
7762
1771
4615
4804
5515
7220
9640
5317
8548
2875
3292
6013
6113
818
8802
4076
5011
5893
4025
5455
8864
2008
1330
9715
9746
8990
2451
3006
8868
5368
3284
9354
2783
8051
9969
7188
8762
4147
3513
1463
9356
5805
6070
4641
1928
7616
9089
6576
8872
9827
9298
3075
4493
9103
4762
73
3858
7715
9623
1229
4788
8422
3494
1181
2260
1173
4936
6547
7263
650
1656
9552
2512
8560
2596
4121
3230
7223
285
7199
6821
6023
2258
7273
5881
4274
2740
214
4768
9487
3263
5187
3851
9778
7172
156
6138
206
3633
265
3018
3829
9289
9904
3063
9650
1865
1829
5825
3874
6701
8224
258
195
9647
2790
3944
6723
7943
6048
4313
7193
8744
1213
3310
8281
8748
6177
6792
696
5504
3793
8389
5263
2556
9467
4502
1427
3525
1415
624
5764
9039
7447
8607
8354
8049
8172
1920
9307
8662
7226
5669
6357
7805
8130
9020
2218
6970
1964
2543
1828
5493
5269
4209
5816
5077
6645
5569
6214
5703
66
1875
8792
4433
2929
5798
7802
8247
1672
3491
9622
2446
4112
1876
5264
8915
8634
1586
5906
6787
1305
3631
9908
9598
497
5154
6096
1681
3058
3144
4949
22
9791
6144
8525
6194
6830
3988
3033
5188
6175
5835
7393
8056
6157
2603
2879
8096
6181
966
299
5529
7645
1025
5398
9543
9093
78
155
4675
8480
448
8176
5094
1121
23
7693
7267
5821
6199
6078
8184
9256
7797
5138
7504
2656
8244
2133
1188
5179
1127
8214
2109
2128
8811
8071
3280
9245
9525
7796
8884
1849
3687
9823
6559
307
1238
9903
2841
2153
7818
5935
4436
2561
6817
3252
2747
9438
7488
7040
9633
5023
142
7014
9602
2886
2510
3315
6246
2312
9759
2213
3728
9813
4790
8845
8410
2343
8453
4351
9698
7157
2617
4972
9562
9535
9534
5347
4452
2934
8805
2939
3202
1153
7910
1689
8114
1331
5842
4958
7027
2059
3368
8610
6619
8593
7483
7965
9975
4594
279
7392
9253
9609
7531
905
1482
6439
8338
7744
1277
3552
4878
6245
9342
79
1495
2032
1675
5772
6974
2770
3100
1804
6893
270
8198
8187
4854
8482
137
1836
9865
8543
2902
1714
2334
5743
2005
460
5721
5425
6398
5131
786
2178
4983
6984
8986
3574
3161
5314
3389
5
3241
9041
4821
3769
1296
1533
9649
7035
2011
1373
8212
1485
1454
8388
879
665
3714
8159
7272
2468
9435
1873
9751
8461
5666
1971
102
5410
6359
4226
4736
7856
9727
9268
6894
7576
9994
2223
6176
6720
4442
9522
456
290
2546
2467
832
5664
758
5305
2034
2094
6094
7989
699
9785
6267
2670
9104
4411
1710
8968
9742
8927
4468
4358
438
2606
8755
5879
6630
1965
1867
1394
8078
19
7978
8568
5160
7942
810
5875
5517
3697
4131
2026
2146
7939
7684
5242
3620
4875
909
6273
7816
3618
2224
8279
8586
4334
3000
7858
791
533
736
1721
7236
1447
4867
5858
7751
1705
8863
284
5757
6334
2586
3078
9175
8765
1845
4715
89
3466
8963
6052
3651
6114
7314
4119
9784
3996
6415
2373
3977
7092
3397
8753
5321
1010
8052
2433
1141
1372
9600
7597
389
3178
1086
6862
8514
1210
3215
3112
6137
7793
1491
1202
8833
167
9134
3619
8009
7383
2110
8020
9078
1525
4808
1052
9344
1293
3699
3720
250
7675
5482
5446
1183
1679
3023
7869
8449
6282
1743
6676
4607
7459
7372
8887
7204
3892
1649
5753
5716
917
5474
14
6663
1465
6643
9913
2909
2236
8834
8870
5227
6611
9699
7520
199
5891
1119
4946
4735
7154
8761
8862
8275
7376
2248
1569
6661
2683
8947
6488
4907
5565
1432
7359
6749
5005
7525
7406
6911
2572
6250
8420
7384
7490
2515
9388
3555
9553
2489
9269
2488
2570
1326
6666
6281
3432
7833
3958
207
4996
9409
5956
1909
5120
500
568
7960
1702
5271
7253
8973
5435
9034
8846
58
8115
83
7574
5780
4740
6810
4155
4816
4635
4021
9100
7417
4315
28
1870
7637
488
8167
663
261
3173
2861
7854
7295
4275
7559
9709
9204
5009
4522
739
5524
7953
7785
302
5728
2577
1451
2168
105
1882
7235
6244
3321
4568
1855
8583
9934
4006
9574
8311
2888
2454
4372
6761
3773
9162
311
8549
1185
3327
4148
1711
6393
7957
1949
3188
6112
429
7458
6717
2852
2199
5783
9194
3472
7174
7690
4322
921
4501
9948
3919
1588
8668
1775
5476
5776
8889
7118
2266
425
6111
5908
6316
5717
7890
1863
1242
5247
6411
2306
6982
3570
173
1046
1979
8434
7646
3686
4765
3309
4851
2736
5335
2324
4406
9963
2583
9360
4791
8083
5422
6301
7566
9131
3446
4010
445
6272
667
6612
6869
9211
1095
8639
1687
9849
2160
7610
1541
8855
1370
9395
4030
969
6493
1470
6474
391
64
1835
8080
3210
5636
234
1258
7289
8878
3694
9121
4449
2703
2582
4050
9144
2915
1115
1553
5093
5298
9542
2140
6482
2594
2401
8441
3073
6646
2760
9858
9695
8671
378
7469
2069
5385
4554
9152
6659
1226
9193
9976
669
2913
2682
4799
6361
7023
4233
9002
4175
8522
9675
8417
3464
6823
1443
3305
8707
8738
3813
7152
7334
2151
7394
927
9371
1428
3580
1720
2697
8562
3990
7837
9243
2327
8490
4044
3902
128
2245
4068
4968
268
8386
6484
8059
1414
8479
3681
7101
9313
4680
7653
8464
4040
9445
7195
6196
1728
4704
5872
3642
3060
2764
8492
2171
5850
8169
3187
1166
9538
2882
9496
8131
9230
5357
2323
6827
9338
8326
6979
8711
6445
8077
8432
4303
3972
782
734
5774
7377
1383
3626
5467
9098
6321
1011
979
3535
4341
8764
7109
3012
2085
6886
5744
4636
4944
5057
5111
8885
7891
1574
9292
4478
7834
2509
8865
8300
9879
930
6557
2840
1999
1360
784
6594
4204
404
7147
7636
127
1852
9854
7293
637
5013
3906
768
4185
5319
1353
9867
9638
4809
7080
1338
7446
3896
9878
9484
4174
3568
1510
6722
1317
9231
7563
7076
2853
7065
1505
5643
661
7221
3249
5135
1892
2129
8599
1214
7598
6004
9587
9513
3507
5307
6662
1513
9966
9677
7451
3755
6046
6139
6142
6684
5152
3565
5609
4743
1280
2549
9184
4989
5763
2950
5218
5941
5130
3434
406
5574
358
1538
6711
5944
9959
7382
4783
8628
1132
3590
8939
7904
9739
3489
5062
5787
3156
4868
9485
9987
8000
7240
4795
5677
3659
535
8405
1638
3398
8359
275
7126
3261
6375
4885
4373
9362
1208
117
4060
9584
1960
5244
8749
903
1924
9112
8686
5885
7269
6402
7795
9182
4933
8104
8030
9886
7252
6156
4221
5760
2144
3281
3548
1048
3046
6768
4898
2256
4494
7659
1773
5126
1008
246
891
4519
5645
8937
4712
7841
1563
6000
2369
1265
8387
7682
4564
4527
3506
4617
7058
294
381
683
3136
600
1455
8579
9450
1942
5142
6669
2563
2944
2716
7097
6252
9483
9563
2618
7509
582
4470
4074
5670
4575
8612
3164
501
7505
2478
7874
2158
4251
6905
7650
3349
3031
5234
6571
3820
6741
6520
2097
8235
6304
585
5065
3826
4394
8312
3808
3848
416
7281
157
8714
7533
5043
1925
6895
7706
4577
7351
4717
8576
2426
5459
3600
9278
9950
6424
7519
8784
7114
1274
7099
7264
885
5113
7700
1699
4694
3143
5932
4423
7457
6542
7041
7038
9970
5882
9893
16
3876
1955
9009
546
147
7919
1886
6512
8757
9167
2428
6097
6945
7952
4665
2947
9659
9257
1969
2973
4357
8518
5895
5863
769
7241
5936
4517
297
9164
1906
7341
115
7043
8775
3678
3782
2974
3008
1471
2502
4401
513
9286
4368
4320
2584
1944
5606
8515
3121
5419
3235
8606
2261
4588
9777
9515
948
8269
7001
2819
8046
1983
9991
3422
1654
8880
5792
5573
2684
5022
3638
1566
2443
4556
4619
3088
1082
9874
5985
1820
1648
8574
3130
1304
5396
5379
9322
1534
3196
2274
5518
6927
3388
8860
200
3688
8803
3194
1500
6417
1792
26
5704
840
1420
4653
2271
895
4702
1898
2455
8124
7013
8652
3757
3301
481
485
7849
9005
5793
841
2356
6889
97
3883
5320
4909
6056
5251
6320
6344
5276
8911
6292
1467
8418
4130
999
5625
645
4758
9365
7959
1087
5441
2479
9964
1475
8665
172
3097
7476
899
1912
8817
9387
1966
4830
3415
547
7268
4085
5560
829
2517
9346
6938
287
9506
3842
9090
5925
7522
7892
9930
4134
8619
9326
911
7617
6975
8195
6786
1665
6397
1652
5680
6607
6518
3256
6044
2765
2493
7317
912
4544
834
1589
1627
9190
3709
2372
3293
1024
9755
3034
6030
5266
8068
5499
4474
4350
3567
8588
2503
1131
6841
5411
3262
3289
1260
2045
2460
7937
559
113
255
3417
3790
233
9526
7627
7456
3783
9258
3589
6957
6840
6986
6441
4730
2273
1074
6302
4844
9606
310
3865
6899
9962
715
1055
7379
7418
4020
6763
5607
3357
9520
1075
2838
2677
4924
415
7832
4651
698
3952
3406
3731
9740
9075
4766
3550
179
7908
7582
9423
4294
4902
4921
6683
3764
5220
5283
1821
4530
8067
7516
7309
2649
7897
7062
3444
641
4052
6664
9006
505
5143
9419
4855
4873
7791
5076
6188
3690
7270
9852
5847
8876
4141
5665
7420
3907
6041
7113
3588
4296
8292
6791
5235
92
5968
2781
6647
8825
4072
8272
9451
9689
2822
2037
6479
752
1000
719
1489
1778
9873
7723
6525
8874
5846
7036
5705
9909
148
4548
8298
5726
2938
9547
7510
8895
2775
6161
1626
4534
3596
9439
3655
5696
9087
5589
7474
5127
722
4192
3918
6447
1862
7933
1578
4578
926
9503
3572
8682
7500
1083
7888
5615
7819
6306
5977
3575
1918
6936
1854
1288
3920
5505
6794
9382
9643
2870
2384
2802
5684
5659
8097
1072
6010
7484
5068
952
8547
5786
8965
130
8517
4901
5029
4022
6061
3915
8283
9795
9188
7911
8849
4490
1344
2228
6854
5852
3700
5978
790
1733
4886
9764
254
211
5359
8070
2077
1239
6180
4805
5361
4369
6931
705
3067
7666
5033
4549
549
9001
5585
6457
1038
7104
3344
3867
6802
8788
1224
9863
5701
8400
7402
5550
1789
9792
5119
1289
2319
1506
9296
3440
1974
3369
3183
7882
6381
8888
8931
1815
3856
1444
576
2421
873
7424
6103
3457
7086
2808
4019
2984
3734
827
8194
7262
4246
7396
6284
780
42
9157
4304
8101
1703
4239
8033
5189
6978
8508
1881
5039
7067
329
7008
6154
5041
6997
6941
5522
5117
1880
1540
8649
5649
1961
2800
353
3743
7807
7434
7352
7201
6808
8809
1328
6719
2295
6860
8090
453
775
5026
4770
6595
9781
5650
4662
2998
7850
4319
6164